"","scenario","decade","Region","RegionCode","s1","s2","s3","s4","s5","Gini"
"1","moreInequality",2015,1,"USA",4.01684594264502,9.68822458541689,15.4436422323351,23.0718763394204,47.7794109001826,0.403635124309122
"2","moreInequality",2015,2,"EUR",8.47382650253571,13.3530973611887,18.1148266247592,23.3155997537631,36.7426497577533,0.266000596005995
"3","moreInequality",2015,3,"JPN",7.18970938563603,12.5879437639863,17.5284113515691,24.0349484174269,38.6589870813817,0.297542257103225
"4","moreInequality",2015,4,"RUS",8.15010779640806,12.8766440049541,17.3457336351683,23.1829282638747,38.4445862995948,0.283580985152303
"5","moreInequality",2015,5,"NRE",5.06043262198977,9.23894627148886,14.5023436048737,23.9325780331199,47.2656994685278,0.396416662503917
"6","moreInequality",2015,6,"CHN",6.29544132647623,12.4640376746833,17.6192610575579,24.010171179164,39.6110887621186,0.3127097188
"7","moreInequality",2015,7,"IND",7.12983827556108,11.0337246491672,14.890559287227,20.8955627991357,46.050314988909,0.350811143615703
"8","moreInequality",2015,8,"MEA",3.69853454146554,8.89309488818752,13.5538551968842,22.2550115655267,51.5995038079361,0.436655408852703
"9","moreInequality",2015,9,"AFR",2.979788600074,6.28861570733026,10.352264054785,18.99316379401,61.3861678438008,0.518069237207177
"10","moreInequality",2015,10,"LTM",4.35764146429962,8.89678583759335,13.9920005826524,21.1241427870401,51.6294293284145,0.427083732060423
"11","moreInequality",2015,11,"OHI",7.14503873364498,12.4554797660874,17.1922431868957,23.0856787787509,40.1215595346211,0.306332966605005
"12","moreInequality",2015,12,"NOA",4.80779218578025,8.74475906269074,13.1972811547531,22.4136020958302,50.8365655009457,0.422905576273171
"13","moreInequality",2025,1,"USA",3.56486461436981,9.3605291273491,15.2886093036749,23.1456904339727,48.6403065206335,0.415744195574907
"14","moreInequality",2025,2,"EUR",8.13500140580377,13.1490502098964,18.053631351374,23.410427674248,37.2518893586779,0.273980620876504
"15","moreInequality",2025,3,"JPN",6.81549123188782,12.3588550337841,17.4475366489944,24.1492698268279,39.2288472585059,0.306468520593007
"16","moreInequality",2025,4,"RUS",7.8022526675953,12.6578489002394,17.26101121936,23.2733216869276,39.0055655258776,0.292088415205701
"17","moreInequality",2025,5,"NRE",4.63151968640057,8.90326526913279,14.3245645225192,24.0377059836128,48.1029445383347,0.4083091412
"18","moreInequality",2025,6,"CHN",5.89744209198529,12.2292004544473,17.5390805388081,24.1217179640624,40.2125589506969,0.322091009604724
"19","moreInequality",2025,7,"IND",6.75400167848618,10.7578908855367,14.7304305627383,20.9155841800043,46.8420926932345,0.361335485925471
"20","moreInequality",2025,8,"MEA",3.24044367177237,8.53925233879124,13.3398354567488,22.3020265164506,52.578442016237,0.449755076702449
"21","moreInequality",2025,9,"AFR",2.51053478549795,5.84970582693568,10.0352636248141,18.9353903562158,62.6691054065366,0.533611313853879
"22","moreInequality",2025,10,"LTM",3.91275527908486,8.54743303215032,13.7955042195611,21.1416106900805,52.6026967791232,0.439896255482386
"23","moreInequality",2025,11,"OHI",6.76961272104978,12.2223289421397,17.1011952655723,23.1714339251831,40.7354291460552,0.31552295352778
"24","moreInequality",2025,12,"NOA",4.37296192838183,8.39314451655268,12.9792422713769,22.4720528406863,51.7825984430023,0.435592733769484
"25","moreInequality",2035,1,"USA",3.16374088034302,8.99892860644904,15.0996713121823,23.1855994656928,49.5520597353328,0.427853236260734
"26","moreInequality",2035,2,"EUR",7.8097241963387,12.9359711337595,17.9834041531442,23.4962236698883,37.7746768468693,0.281960643973724
"27","moreInequality",2035,3,"JPN",6.46075080930834,12.1167811494694,17.3536767923072,24.2506060821164,39.8181851667987,0.315394801129863
"28","moreInequality",2035,4,"RUS",7.46924435966688,12.4291559149351,17.1663909229622,23.353817229391,39.5813915730448,0.300595817292254
"29","moreInequality",2035,5,"NRE",4.23896062014585,8.54334835388706,14.122549527275,24.118598021216,48.9765434774762,0.420201645802016
"30","moreInequality",2035,6,"CHN",5.524604459746,11.9775888327102,17.4421256185572,24.2164903474597,40.8391907415269,0.331472291120306
"31","moreInequality",2035,7,"IND",6.39797663144111,10.4688494218863,14.5570941382297,20.9223978608529,47.6536819475899,0.3718598296
"32","moreInequality",2035,8,"MEA",2.83909074586303,8.14758449353907,13.0879904207575,22.3112161715186,53.6141181683218,0.462854752331553
"33","moreInequality",2035,9,"AFR",2.1151785428801,5.36153089856897,9.668998146871,18.8283518704495,64.0259405412305,0.549153382677988
"34","moreInequality",2035,10,"LTM",3.51328901182719,8.16780028140255,13.5687279111651,21.1287986478161,53.621384147789,0.452708739023136
"35","moreInequality",2035,11,"OHI",6.413912940346,11.9760272969311,16.9969965229879,23.2440382503544,41.3690249893807,0.324712916691962
"36","moreInequality",2035,12,"NOA",3.97745894334523,8.01531178884007,12.7349852064262,22.5042854039679,52.7679586574206,0.448279896048046
"37","moreInequality",2045,1,"USA",2.80775217033677,8.60723806953528,14.8806433046761,23.1954184813991,50.5089479740527,0.439962295481244
"38","moreInequality",2045,2,"EUR",7.49745316323666,12.7142212733805,17.9045061706724,23.5733488812866,38.3104705114238,0.289940647750297
"39","moreInequality",2045,3,"JPN",6.12447431884033,11.8623979770804,17.2475076475456,24.3396330493306,40.4259870072031,0.324321052627037
"40","moreInequality",2045,4,"RUS",7.15044919477213,12.1909875009417,17.0622951978752,23.4248373431652,40.1714307632457,0.309103251145245
"41","moreInequality",2045,5,"NRE",3.87967413631181,8.16124971702755,13.898352810417,24.1773083372054,49.8834149990383,0.432094142227013
"42","moreInequality",2045,6,"CHN",5.17533770753328,11.7102632909553,17.3294567782887,24.2955488108393,41.4893934123835,0.340853572017071
"43","moreInequality",2045,7,"IND",6.06071880420992,10.16729647836,14.3712462338452,20.9167000618257,48.4840384217592,0.382384178629006
"44","moreInequality",2045,8,"MEA",2.48744834957629,7.72277629520516,12.8030050316845,22.2872654735049,54.6995048500292,0.475954390303818
"45","moreInequality",2045,9,"AFR",1.78208256428241,4.83184912752215,9.26122582624782,18.6798065420031,65.4450359399446,0.56469545931845
"46","moreInequality",2045,10,"LTM",3.15460559125809,7.76097896619575,13.3147630383101,21.0887980410927,54.6808543631433,0.46552125037251
"47","moreInequality",2045,11,"OHI",6.07690290441881,11.7172658218714,16.8803379505525,23.3041827456746,42.0213105774828,0.333902924618796
"48","moreInequality",2045,12,"NOA",3.61772636146664,7.6136321256888,12.4668812060368,22.5126710318108,53.789089274997,0.460967062704835
"49","moreInequality",2055,1,"USA",2.49181982602068,8.18884328882807,14.6349110533765,23.178533253312,51.5058925784628,0.452071335072209
"50","moreInequality",2055,2,"EUR",7.19766825584958,12.4841473291916,17.8172841043906,23.642150008875,38.8587503016933,0.297920665591683
"51","moreInequality",2055,3,"JPN",5.80570072879041,11.5963462044126,17.1296699025054,24.4169914162661,41.0512917480256,0.333247299930666
"52","moreInequality",2055,4,"RUS",6.84526054109411,11.9437480794705,16.9491284653104,23.4867864494616,40.7750764646633,0.317610702637694
"53","moreInequality",2055,5,"NRE",3.55084011218036,7.75884944036631,13.6538544537573,24.2157170133931,50.820738980303,0.443986666060466
"54","moreInequality",2055,6,"CHN",4.8481516789434,11.4282172667853,17.2020674556048,24.3598867918037,42.1616768068629,0.350234896185906
"55","moreInequality",2055,7,"IND",5.74123891656508,9.85389157510948,14.1735463697365,20.8991503030742,49.3321728355148,0.392908496151797
"56","moreInequality",2055,8,"MEA",2.17935946599303,7.26893242173561,12.4889839674759,22.2342791003555,55.8284450444401,0.489054085545809
"57","moreInequality",2055,9,"AFR",1.50144217215586,4.26719696549457,8.81848311464388,18.4962908225759,66.9165869251299,0.580237541634774
"58","moreInequality",2055,10,"LTM",2.8325413602171,7.3297448579702,13.0363853724363,21.0243846413506,55.7769437680258,0.478333770815038
"59","moreInequality",2055,11,"OHI",5.75760058691125,11.4466992011986,16.7518742325039,23.3525220953818,42.6913038840045,0.34309289967176
"60","moreInequality",2055,12,"NOA",3.2905290068043,7.19026231106001,12.1770870541699,22.4993665081762,54.8427551197896,0.473654239486698
"61","moreInequality",2065,1,"USA",2.2114366470617,7.74674906454947,14.3654793585054,23.1379485816535,52.5383863482299,0.464180408983521
"62","moreInequality",2065,2,"EUR",6.90987021770201,12.246082138843,17.7220707919491,23.7029598903036,39.4190169612022,0.305900699905277
"63","moreInequality",2065,3,"JPN",5.50351902833349,11.3192331720162,17.0007708977364,24.4832885234729,41.693188378441,0.342173584250446
"64","moreInequality",2065,4,"RUS",6.55309765849658,11.6878248106123,16.8272778853587,23.540051708371,41.3917479371613,0.32611811756941
"65","moreInequality",2065,5,"NRE",3.24987745343355,7.33786825344865,13.3907751868412,24.2355447793243,51.7859343269523,0.455879148740881
"66","moreInequality",2065,6,"CHN",4.5416504255999,11.132381392451,17.0608882827568,24.4104349226038,42.8546449765886,0.359616147880847
"67","moreInequality",2065,7,"IND",5.43859983640642,9.52925946686816,13.9646193006369,20.8703733393319,50.1971480567565,0.403432850458358
"68","moreInequality",2065,8,"MEA",1.90942967029746,6.78964915634092,12.1495235113421,22.155853335281,56.9955443267386,0.502153721252914
"69","moreInequality",2065,9,"AFR",1.26499671873276,3.67308151099803,8.34627711057098,18.2833118106797,68.4323328490186,0.595779608997421
"70","moreInequality",2065,10,"LTM",2.54335774322291,6.87659034038012,12.736087297198,20.9380508322439,56.905913786955,0.491146281757314
"71","moreInequality",2065,11,"OHI",5.45507556066031,11.1649477196881,16.6122256536177,23.3896765842511,43.3780744817828,0.35228288686598
"72","moreInequality",2065,12,"NOA",2.99292430183441,6.74716406330293,11.8675644691746,22.4663335514133,55.9260136142747,0.486341386161945
"73","moreInequality",2075,1,"USA",1.96260258984185,7.28362209244478,14.0750149158083,23.0763311621689,53.6024292397362,0.476289452228868
"74","moreInequality",2075,2,"EUR",6.63357975503824,12.0003452315053,17.6191857625185,23.7560980547431,39.990791196195,0.313880697661193
"75","moreInequality",2075,3,"JPN",5.21706562396978,11.031634608891,16.8613863622387,24.5391000999509,42.3508133049497,0.351099830141794
"76","moreInequality",2075,4,"RUS",6.27340459344,11.4235883300602,16.6971140937129,23.5850037555865,42.0208892272003,0.334625540373392
"77","moreInequality",2075,5,"NRE",2.97442383454725,6.8998810399573,13.1106898933514,24.2383665186819,52.7766387134621,0.46777166314696
"78","moreInequality",2075,6,"CHN",4.2545262513006,10.8236274654205,16.9067910572126,24.4480650007078,43.5669902253586,0.368997461888122
"79","moreInequality",2075,7,"IND",5.15191383086639,9.19399197554775,13.7450568484583,20.8309609925106,51.0780763526169,0.413957190009199
"80","moreInequality",2075,8,"MEA",1.67293267710244,6.28807735594587,11.787774520208,22.0551390352061,58.1960764115377,0.515253402522076
"81","moreInequality",2075,9,"AFR",1.0657864339237,3.05414261075879,7.84924766075538,18.0455093530409,69.9853139415213,0.611321676739651
"82","moreInequality",2075,10,"LTM",2.2836978484636,6.40375334130012,12.4161067404698,20.8320345416473,58.0644075281191,0.503958813975218
"83","moreInequality",2075,11,"OHI",5.16844628648989,10.8725990701239,16.4619799066777,23.4162339050669,44.0807408316417,0.361472889827753
"84","moreInequality",2075,12,"NOA",2.72223580402668,6.28612167743775,11.5400977460713,22.4153564565423,57.0361883159219,0.499028559353429
"85","moreInequality",2085,1,"USA",1.74176770144955,6.80182900778838,13.7658843605594,22.9960476301326,54.69447130007,0.488398498981211
"86","moreInequality",2085,2,"EUR",6.36833673861499,11.7472433600071,17.5089357689274,23.8018712550222,40.5736128774283,0.321860705352567
"87","moreInequality",2085,3,"JPN",4.9455218714941,10.7340962778404,16.7120620588156,24.5849719085035,43.0233478833464,0.360026118879948
"88","moreInequality",2085,4,"RUS",6.00564912106362,11.1513934543879,16.5589919069471,23.6219974076818,42.6619681099196,0.343132977415883
"89","moreInequality",2085,5,"NRE",2.72231715635172,6.44632919933879,12.8150399727344,24.2256236309123,53.7906900406627,0.47966416286791
"90","moreInequality",2085,6,"CHN",3.98555413269505,10.5027721679276,16.7405924612058,24.4735937083492,44.2974875298223,0.378378764832439
"91","moreInequality",2085,7,"IND",4.88033996231836,8.84864972623267,13.515419638285,20.7814738876946,51.9741167854693,0.424481522473445
"92","moreInequality",2085,8,"MEA",1.46572758643745,5.7669776205308,11.4064975940538,21.9348968001112,59.4259003988668,0.528353051892703
"93","moreInequality",2085,9,"AFR",0.897947564538912,2.41428943357003,7.33130393399027,17.7867926184525,71.5696664494483,0.626863775331362
"94","moreInequality",2085,10,"LTM",2.05054750043481,5.91324331106644,12.0784531525879,20.708345219897,59.2494108160138,0.51677130716269
"95","moreInequality",2085,11,"OHI",4.8968775444602,10.5702100657992,16.3016938049773,23.4327508711221,44.7984677136413,0.370662893669394
"96","moreInequality",2085,12,"NOA",2.4760291358464,5.80875807182093,11.1963098032164,22.3480581419197,58.1708448471966,0.51171570912804
"97","moreInequality",2095,1,"USA",1.5457814748208,6.30347014862296,13.4401880308015,22.8991983235873,55.8113620221674,0.50050754960203
"98","moreInequality",2095,2,"EUR",6.11369943741026,11.4870710116967,17.3916152985241,23.8405739784889,41.1670402738801,0.329840735972674
"99","moreInequality",2095,3,"JPN",4.68811173642392,10.4271355351862,16.5533153437889,24.6214213054525,43.7100160791486,0.368952396283047
"100","moreInequality",2095,4,"RUS",5.74932173242067,10.8715798562266,16.4132509976922,23.6513723372882,43.3144750763722,0.351640417657349
"101","moreInequality",2095,5,"NRE",2.49157857521505,5.97853196068103,12.5051446540782,24.1986353451035,54.8261094649222,0.491556655672827
"102","moreInequality",2095,6,"CHN",3.73358649268804,10.1705805513689,16.5630575461335,24.487786096925,45.0449893128846,0.387760045824238
"103","moreInequality",2095,7,"IND",4.62308162164975,8.49376379166465,13.2762387428588,20.7224430976256,52.8844727462012,0.435005836360327
"104","moreInequality",2095,8,"MEA",1.28418637943324,5.22876862934188,11.0081114121258,21.7975453092425,60.6813882698567,0.541452721912837
"105","moreInequality",2095,9,"AFR",0.75653977475856,1.75681553664499,6.79573948748887,17.5104551641279,73.1804500369798,0.64240583197655
"106","moreInequality",2095,10,"LTM",1.8412002508862,5.40686454851264,11.7249308323859,20.5687871658266,60.4582172023887,0.529583828884138
"107","moreInequality",2095,11,"OHI",4.63957800008868,10.2583082630358,16.1318949048381,23.4397550387385,45.5304637932991,0.379852857861913
"108","moreInequality",2095,12,"NOA",2.252090091715,5.31654938350486,10.8376767776622,22.2659147445978,59.3277690025202,0.524402899954101
"109","moreInequality",2105,1,"USA",1.3718479025134,5.79040951990997,13.0997899314961,22.7876472474944,56.9503053985861,0.51261662086637
"110","moreInequality",2105,2,"EUR",5.86924378297236,11.220110898875,17.2675070636095,23.8724889374445,41.7706493170987,0.337820760257047
"111","moreInequality",2105,3,"JPN",4.44409957620019,10.111242809301,16.3856366455311,24.6489387191705,44.4100822497972,0.377878634267272
"112","moreInequality",2105,4,"RUS",5.50393466493936,10.5844727106243,16.2602165409963,23.6734537194535,43.9779223639865,0.360147811768277
"113","moreInequality",2105,5,"NRE",2.2803969706418,5.49769673764766,12.1822113510464,24.1586090749191,55.8810858657451,0.503449173537889
"114","moreInequality",2105,6,"CHN",3.49754830426968,9.82776930041788,16.3749029966686,24.4913588511084,45.8084205475355,0.397141334017152
"115","moreInequality",2105,7,"IND",4.37938419156413,8.1298372500413,13.0280172403772,20.6543717005013,53.808389617516,0.445530183882953
"116","moreInequality",2105,8,"MEA",1.12513039420251,4.67556949030397,10.5947350823488,21.6452036705247,61.9593613626201,0.554552387082172
"117","moreInequality",2105,9,"AFR",0.637400727386158,1.08449581144798,6.2453292127155,17.2192718815312,74.8135023669192,0.657947920807656
"118","moreInequality",2105,10,"LTM",1.65322596191727,4.88623714557239,11.3571598717974,20.4149804713698,61.6883965493432,0.542396346785713
"119","moreInequality",2105,11,"OHI",4.39579789845036,9.93739349845017,15.9530830428767,23.4377462445328,46.27597931569,0.389042865682114
"120","moreInequality",2105,12,"NOA",2.04840472503854,4.81083824355216,10.4655413004714,22.1702688956393,60.5049468352987,0.537090068653487
"121","moreInequality",2115,1,"USA",1.21748558789566,5.26430138607054,12.7463443270642,22.6630486662751,58.1088200326945,0.524725664352744
"122","moreInequality",2115,2,"EUR",5.63456266318381,10.9466344296204,17.136882472262,23.8978875399671,42.3840328949667,0.345800763912207
"123","moreInequality",2115,3,"JPN",4.21278803782266,9.78688300218498,16.2094908660426,24.6679890516578,45.122849042292,0.386804916263902
"124","moreInequality",2115,4,"RUS",5.26902097426483,10.2903833138174,16.1001998330959,23.6885528504142,44.6518430284076,0.368655239813349
"125","moreInequality",2115,5,"NRE",2.08711472936929,5.00492860574713,11.8473451391474,24.1066498958675,56.9539616298687,0.515341656760808
"126","moreInequality",2115,6,"CHN",3.27643250388248,9.47500979077937,16.1768001885163,24.4849833466043,46.5867741702176,0.406522612102241
"127","moreInequality",2115,7,"IND",4.14853283305817,7.75734666069818,12.7712316901759,20.5777362556572,54.7451525604105,0.456054503959183
"128","moreInequality",2115,8,"MEA",0.985774669652692,4.10923684414545,10.1682252454511,21.4797285246864,63.2570347160644,0.567652035067821
"129","moreInequality",2115,9,"AFR",0.637400727386158,1.08449581144798,6.2453292127155,17.2192718815312,74.8135023669192,0.657947920807656
"130","moreInequality",2115,10,"LTM",1.48444259653005,4.35281579357766,10.9765949621544,20.2483798278584,62.9377668198794,0.555208857122899
"131","moreInequality",2115,11,"OHI",4.16482687943844,9.60793934544698,15.7657317924978,23.4271980619095,47.0343039207074,0.398232834768191
"132","moreInequality",2115,12,"NOA",1.86314123622157,4.29284585169314,10.0811245713742,22.0623417947744,61.7005465459367,0.549777235254678
